         200   1.00348890    
         400   1.00348890    
         600   1.00348890    
         800   1.00348890    
        1000   1.00348890    
        1200   1.00348890    
        1400   1.00348890    
        1600   1.00348890    
        1800   1.00348890    
        2000   1.00348890    
        2200   1.00360942    
        2400   1.00637889    
        2600   1.01307154    
        2800   1.02252233    
        3000   1.03529918    
        3200   1.05242646    
        3400   1.07397258    
        3600   1.10092306    
        3800   1.13330138    
        4000   1.17170143    
        4200   1.21651673    
        4400   1.26909447    
        4600   1.32999659    
        4800   1.40047181    
        5000   1.48158669    
        5200   1.57419515    
        5400   1.67946172    
        5600   1.79899955    
        5800   1.93485940    
        6000   2.08950400    
        6200   2.26563239    
        6400   2.46592736    
        6600   2.69306636    
        6800   2.94917274    
        7000   3.23575830    
        7200   3.55486083    
        7400   3.90990663    
        7600   4.30496407    
        7800   4.74393892    
        8000   5.23065901    
        8200   5.76952600    
        8400   6.36628819    
        8600   7.02852154    
        8800   7.76587582    
        9000   8.59071350    
        9200   9.52023220    
        9400   10.5742817    
        9600   11.7723789    
        9800   13.1392260    
       10000   14.7056818    
       10200   16.5001640    
       10400   18.5514946    
       10600   20.8843536    
       10800   23.5241375    
       11000   26.5037956    
       11200   29.8755226    
       11400   33.7201195    
       11600   38.1525154    
       11800   43.3246002    
       12000   49.4236412    
       12200   56.6729431    
       12400   65.3432770    
       12600   75.7773514    
       12800   88.4283142    
       13000   103.907356    
       13200   123.039780    
       13400   146.921814    
       13600   176.959137    
       13800   214.847946    
       14000   262.425903    
       14200   321.283691    
       14400   392.048004    
       14600   473.416016    
       14800   561.409729    
       15000   649.641724    
       15200   731.026978    
       15400   800.171143    
       15600   854.858704    
       15800   895.834961    
       16000   925.517944    
       16200   946.697083    
       16400   961.794250    
       16600   972.634399    
       16800   980.500427    
       17000   986.265625    
       17200   990.523621    
       17400   993.681519    
       17600   996.025208    
       17800   997.758667    
       18000   999.031616    
       18200   999.956970    
       18400   1000.62097    
       18600   1001.08917    
       18800   1001.41327    
       19000   1001.63269    
       19200   1001.77832    
       19400   1001.87183    
       19600   1001.93060    
       19800   1001.96637    
       20000   1001.98749    
