         200   1.00099897    
         400   1.00099897    
         600   1.00099897    
         800   1.00099897    
        1000   1.00099897    
        1200   1.00099897    
        1400   1.00099897    
        1600   1.00100899    
        1800   1.00119460    
        2000   1.00187039    
        2200   1.00313985    
        2400   1.00691342    
        2600   1.01402652    
        2800   1.02356219    
        3000   1.03636873    
        3200   1.05353177    
        3400   1.07512367    
        3600   1.10213268    
        3800   1.13458312    
        4000   1.17307162    
        4200   1.21799386    
        4400   1.27070212    
        4600   1.33176231    
        4800   1.40242970    
        5000   1.48377800    
        5200   1.57666922    
        5400   1.68227828    
        5600   1.80223143    
        5800   1.93859839    
        6000   2.09386539    
        6200   2.27076101    
        6400   2.47200394    
        6600   2.70031548    
        6800   2.95786905    
        7000   3.24622893    
        7200   3.56750274    
        7400   3.92520571    
        7600   4.32351828    
        7800   4.76647949    
        8000   5.25807571    
        8200   5.80290079    
        8400   6.40694857    
        8600   7.07811403    
        8800   7.82646418    
        9000   8.66491795    
        9200   9.61144829    
        9400   10.6869335    
        9600   11.9121733    
        9800   13.3136063    
       10000   14.9244661    
       10200   16.7761021    
       10400   18.9010353    
       10600   21.3283844    
       10800   24.0890293    
       11000   27.2230453    
       11200   30.7925758    
       11400   34.8930168    
       11600   39.6609268    
       11800   45.2801819    
       12000   51.9848480    
       12200   60.0663872    
       12400   69.8961716    
       12600   81.9692459    
       12800   96.9768677    
       13000   115.913811    
       13200   140.240738    
       13400   172.132355    
       13600   214.861343    
       13800   273.403564    
       14000   355.398651    
       14200   472.666595    
       14400   643.562439    
       14600   896.499878    
       14800   1274.90515    
       15000   1843.48035    
       15200   2694.83130    
       15400   3954.52979    
       15600   5782.79834    
       15800   8373.87305    
       16000   11959.1270    
       16200   16821.9941    
       16400   23328.6738    
       16600   31971.7969    
       16800   43422.5625    
       17000   58589.6797    
       17200   78682.5703    
       17400   105254.398    
       17600   140196.047    
       17800   185573.312    
       18000   243226.984    
       18200   313973.812    
       18400   396564.969    
       18600   486792.656    
       18800   577701.000    
       19000   661332.812    
       19200   731367.188    
       19400   784998.750    
       19600   822861.812    
       19800   847794.375    
       20000   863262.250    
