         200   1.00100124      -1.93260348    
         400   1.00100124      -1.93260348    
         600   1.00100124      -1.93260348    
         800   1.00100124      -1.93260348    
        1000   1.00100124      -1.93260348    
        1200   1.00100124      -1.93260348    
        1400   1.00100124      -1.93260348    
        1600   1.00101125      -1.93117750    
        1800   1.00119698      -1.90645611    
        2000   1.00187266      -1.83772719    
        2200   1.00314224      -1.75197411    
        2400   1.00691569      -1.60560167    
        2600   1.01402879      -1.45408714    
        2800   1.02356458      -1.32741976    
        3000   1.03637111      -1.20887256    
        3200   1.05353427      -1.09178376    
        3400   1.07512629     -0.978710532    
        3600   1.10213542     -0.866556525    
        3800   1.13458598     -0.756975949    
        4000   1.17307484     -0.649017513    
        4200   1.21799719     -0.542603850    
        4400   1.27070582     -0.435861856    
        4600   1.33176625     -0.329181850    
        4800   1.40243411     -0.221889347    
        5000   1.48378301     -0.113965727    
        5200   1.57667482      -5.77803841E-03
        5400   1.68228459      0.102629676    
        5600   1.80223882      0.211488456    
        5800   1.93860686      0.321131110    
        6000   2.09387517      0.431875885    
        6200   2.27077270      0.543874085    
        6400   2.47201777      0.657006860    
        6600   2.70033216      0.770997941    
        6800   2.95788884      0.885254741    
        7000   3.24625278      0.999026060    
        7200   3.56753159       1.11191344    
        7400   3.92524052       1.22400224    
        7600   4.32356071       1.33543944    
        7800   4.76653099       1.44619560    
        8000   5.25813866       1.55615795    
        8200   5.80297709       1.66529334    
        8400   6.40704155       1.77374935    
        8600   7.07822752       1.88183463    
        8800   7.82660294       1.98995638    
        9000   8.66508770       2.09861565    
        9200   9.61165714       2.20854974    
        9400   10.6871920       2.32032752    
        9600   11.9124947       2.43406868    
        9800   13.3140078       2.55003071    
       10000   14.9249716       2.66855979    
       10200   16.7767391       2.78942275    
       10400   18.9018440       2.91220450    
       10600   21.3294144       3.03617477    
       10800   24.0903454       3.16068769    
       11000   27.2247238       3.28547287    
       11200   30.7947235       3.41088295    
       11400   34.8957748       3.53786278    
       11600   39.6644897       3.66771674    
       11800   45.2848282       3.80182791    
       12000   51.9909706       3.94137430    
       12200   60.0745621       4.08720589    
       12400   69.9072418       4.23997211    
       12600   81.9844666       4.40039968    
       12800   96.9981689       4.56951666    
       13000   115.944237       4.74877930    
       13200   140.285263       4.94009972    
       13400   172.199371       5.14574242    
       13600   214.965546       5.36814833    
       13800   273.571777       5.60972643    
       14000   355.681671       5.87263298    
       14200   473.164246       6.15839863    
       14400   644.477783       6.46767426    
       14600   898.258240       6.79992723    
       14800   1278.41675       7.15301943    
       15000   1850.71240       7.52308607    
       15200   2710.01343       7.90449572    
       15400   3986.56421       8.29066372    
       15600   5849.75439       8.67407703    
       15800   8510.80762       9.04917717    
       16000   12231.0498       9.41146660    
       16200   17345.2148       9.76130486    
       16400   24306.9355       10.0988197    
       16600   33759.6133       10.4269276    
       16800   46639.0469       10.7494173    
       17000   64326.8828       11.0710039    
       17200   88892.7109       11.3937798    
       17400   123475.367       11.7228737    
       17600   172920.953       12.0608187    
       17800   244816.469       12.4014235    
       18000   351286.312       12.7643299    
       18200   512018.500       13.1390238    
       18400   759704.438       13.5444889    
       18600   1149662.62       13.9274817    
       18800   1777726.75       14.4383078    
       19000   2813631.75       14.8437729    
       19200   4565094.00       15.2492380    
       19400   7606457.50       15.9423847    
       19600   13031669.0       16.6355324    
       19800   22992640.0       16.6355324    
