     500.0      2.57359093      4.09127811     -103.0      163.8      498.5      765.4      601.6
    1000.0      2.56243912      4.01076726     -110.3      172.7      998.1     1281.1     1108.4
    2000.0      2.54013549      3.84974556     -126.6      191.9     1996.9     2315.4     2123.5
    3000.0      2.51783187      3.68872385     -145.6      213.4     2994.9     3353.9     3140.5
    4000.0      2.49552825      3.52770215     -168.0      237.5     3991.5     4397.1     4159.6
    5000.0      2.47322462      3.36668044     -194.6      264.9     4986.0     5445.6     5180.6
    6000.0      2.45092100      3.20565874     -226.7      296.5     5976.8     6499.9     6203.5
    7000.0      2.42861738      3.04463704     -265.9      333.4     6961.6     7561.0     7227.6
    8000.0      2.40631375      2.88361533     -315.2      377.7     7936.5     8629.4     8251.7
    9000.0      2.38401013      2.72259363     -378.8      432.5     8894.9     9706.2     9273.7
   10000.0      2.36170651      2.56157192     -463.5      502.8     9826.1    10792.4    10289.6
   11000.0      2.33940288      2.40055022     -580.9      596.1    10712.2    11889.1    11293.0
   12000.0      2.31709926      2.23952852     -749.5      724.5    11523.6    12997.6    12273.1
   13000.0      2.29479564      2.07850681     -997.6      903.6    12211.5    14112.7    13209.1
   14000.0      2.27249201      1.91748511    -1352.7     1141.4    12733.8    15227.9    14086.5
   15000.0      2.25018839      1.75646340    -1748.3     1364.7    13230.0    16343.0    14978.3
   16000.0      2.22788477      1.59544170    -2174.7     1557.3    13726.2    17458.2    15900.8
   17000.0      2.20558114      1.43853871    -2633.4     1717.6    14222.4    18573.3    16855.7
   18000.0      2.18327752      1.31779442    -3099.3     1870.7    14718.5    19688.5    17817.8
   19000.0      2.16097389      1.23029504    -3561.3     2027.6    15214.7    20803.6    18776.0
   20000.0      2.13867027      1.16688716    -4016.4     2191.4    15710.9    21918.7    19727.3
   21000.0      2.11636665      1.12093757    -4463.0     2363.8    16207.0    23033.9    20670.0
   22000.0      2.09406302      1.08763943    -4900.5     2545.3    16703.2    24149.0    21603.7
   23000.0      2.07175940      1.06350938    -5329.1     2735.6    17199.4    25264.2    22528.5
   24000.0      2.04945578      1.04602314    -5749.3     2934.4    17695.6    26379.3    23444.9
   25000.0      2.02715215      1.03335144    -6161.7     3141.0    18191.7    27494.5    24353.5
   26000.0      2.00484853      1.02416868    -6567.0     3354.7    18687.9    28609.6    25254.9
   27000.0      1.98254491      1.01751424    -6965.6     3575.0    19184.1    29724.7    26149.7
   28000.0      1.96024128      1.01269198    -7358.2     3801.4    19680.3    30839.9    27038.5
   29000.0      1.93793766      1.00919746    -7745.2     4033.4    20176.4    31955.0    27921.6
   30000.0      1.91563404      1.00666509    -8126.9     4270.7    20672.6    33070.2    28799.5
