     2079.95957      1155.91212      1028.27298         3.41889
     3553.38740      2899.80267       727.03564         3.44319
     5410.13619      4406.18452      1116.90104         3.43590
     7186.18966      5930.84808      1393.06440         3.60230
     8975.63154      7463.39331      1687.04299         3.25371
    10693.60873      8914.24732      1986.69089         3.19905
    12178.78832      9929.40264      2506.52602         3.32901
    13310.69217     10859.32129      2704.01315         4.01283
    13968.64417     11987.57466      2200.54430         3.53792
    14365.54362     12382.15712      2215.58742         3.16626
    14683.44811     12684.70709      2246.75300         2.72900
    15293.62258     12877.43850      2721.38308         2.56382
    15704.25174     12618.41539      3459.20799         2.92941
    15737.78589     12622.62262      3492.44847         2.92212

