      Qref,   distpar1,   distpar2,   distpar3
  1954.798,    925.222,      3.533,    264.710
  2152.989,    695.469,      3.565,    453.471
  2745.476,    469.257,      3.514,    606.820
  3410.284,    631.948,      3.546,    403.956
  4125.872,    828.163,      3.466,    166.574
  4857.682,    926.700,      3.505,     16.053
  5578.569,   1036.267,      3.480,   -143.602
  6277.629,   1095.497,      3.444,   -255.073
  6958.227,   1175.332,      3.436,   -382.841
  7647.688,   1325.157,      3.424,   -575.769
  8350.280,   1447.505,      3.361,   -747.885
  9045.540,   1487.223,      3.221,   -835.487
  9732.933,   1641.452,      3.119,  -1034.658
 10404.027,   1743.937,      3.001,  -1179.582
 11927.321,   2225.853,      2.922,  -1745.498
 13223.494,   2685.541,      3.782,  -2372.513
 13905.053,   2266.632,      3.477,  -1995.704
 14317.510,   2226.487,      3.126,  -1946.837
 14642.090,   2290.427,      2.781,  -1983.282
 15057.419,   2458.185,      2.490,  -2104.618
 15650.658,   3068.210,      2.786,  -2790.875
 16243.818,   3810.871,      3.357,  -3657.473
 16752.055,   4437.042,      3.995,  -4415.527
 16994.609,   4599.620,      4.247,  -4549.481
 17230.178,   4642.176,      4.388,  -4620.312
