      Qref,   distpar1,   distpar2,   distpar3
  1954.798,   1020.616,      3.619,   -917.760
  2443.127,   2079.004,      3.446,  -2036.755
  3410.284,   2796.262,      3.531,  -2723.427
  4494.673,   3678.504,      3.416,  -3580.479
  5578.569,   4569.392,      3.449,  -4444.962
  6615.121,   5499.073,      3.480,  -5349.447
  7647.688,   6376.219,      3.436,  -6184.401
  8707.180,   7280.150,      3.330,  -7025.336
  9732.933,   8128.742,      3.423,  -7819.787
 11185.315,   9518.460,      2.775,  -9235.037
 13223.494,  10781.179,      3.289, -10670.606
 14114.883,  11840.228,      3.109, -11729.350
 14642.090,  12333.065,      2.656, -12172.256
 15354.039,  12630.089,      2.456, -12457.852
 16243.818,  12442.564,      2.982, -12418.740
 16876.695,  12449.890,      3.409, -12529.794
 17230.178,  12607.676,      3.640, -12679.072
