  2.0891e+00   4.2864e-01   6.0000e+03 
  2.1694e+00   4.8133e-01   6.1000e+03 
  2.2574e+00   5.3583e-01   6.2000e+03 
  2.3553e+00   5.9306e-01   6.3000e+03 
  2.4650e+00   6.5327e-01   6.4000e+03 
  2.5867e+00   7.1595e-01   6.5000e+03 
  2.7196e+00   7.8002e-01   6.6000e+03 
  2.8616e+00   8.4410e-01   6.7000e+03 
  3.0101e+00   9.0688e-01   6.8000e+03 
  3.1626e+00   9.6736e-01   6.9000e+03 
  3.3172e+00   1.0251e+00   7.0000e+03 
  3.4737e+00   1.0803e+00   7.1000e+03 
  3.6334e+00   1.1335e+00   7.2000e+03 
  3.7994e+00   1.1860e+00   7.3000e+03 
  3.9757e+00   1.2388e+00   7.4000e+03 
  4.1663e+00   1.2929e+00   7.5000e+03 
  4.3743e+00   1.3488e+00   7.6000e+03 
  4.6018e+00   1.4064e+00   7.7000e+03 
  4.8495e+00   1.4656e+00   7.8000e+03 
  5.1173e+00   1.5259e+00   7.9000e+03 
  5.4041e+00   1.5866e+00   8.0000e+03 
  5.7091e+00   1.6473e+00   8.1000e+03 
  6.0315e+00   1.7077e+00   8.2000e+03 
  6.3708e+00   1.7676e+00   8.3000e+03 
  6.7268e+00   1.8267e+00   8.4000e+03 
  7.0997e+00   1.8851e+00   8.5000e+03 
  7.4897e+00   1.9427e+00   8.6000e+03 
  7.8969e+00   1.9995e+00   8.7000e+03 
  8.3219e+00   2.0556e+00   8.8000e+03 
  8.7654e+00   2.1109e+00   8.9000e+03 
  9.2293e+00   2.1656e+00   9.0000e+03 
  9.7170e+00   2.2201e+00   9.1000e+03 
  1.0233e+01   2.2746e+00   9.2000e+03 
  1.0783e+01   2.3297e+00   9.3000e+03 
  1.1374e+01   2.3857e+00   9.4000e+03 
  1.2012e+01   2.4428e+00   9.5000e+03 
  1.2702e+01   2.5010e+00   9.6000e+03 
  1.3446e+01   2.5603e+00   9.7000e+03 
  1.4246e+01   2.6203e+00   9.8000e+03 
  1.5100e+01   2.6806e+00   9.9000e+03 
  1.6006e+01   2.7409e+00   1.0000e+04 
  1.6963e+01   2.8008e+00   1.0100e+04 
  1.7968e+01   2.8601e+00   1.0200e+04 
  1.9022e+01   2.9187e+00   1.0300e+04 
  2.0128e+01   2.9767e+00   1.0400e+04 
  2.1289e+01   3.0342e+00   1.0500e+04 
  2.2513e+01   3.0915e+00   1.0600e+04 
  2.3807e+01   3.1486e+00   1.0700e+04 
  2.5179e+01   3.2058e+00   1.0800e+04 
  2.6635e+01   3.2631e+00   1.0900e+04 
  2.8181e+01   3.3207e+00   1.1000e+04 
  2.9824e+01   3.3783e+00   1.1100e+04 
  3.1566e+01   3.4360e+00   1.1200e+04 
  3.3412e+01   3.4938e+00   1.1300e+04 
  3.5366e+01   3.5514e+00   1.1400e+04 
  3.7433e+01   3.6090e+00   1.1500e+04 
  3.9622e+01   3.6666e+00   1.1600e+04 
  4.1944e+01   3.7243e+00   1.1700e+04 
  4.4416e+01   3.7822e+00   1.1800e+04 
  4.7060e+01   3.8407e+00   1.1900e+04 
  4.9902e+01   3.9000e+00   1.2000e+04 
  5.2978e+01   3.9604e+00   1.2100e+04 
  5.6331e+01   4.0223e+00   1.2200e+04 
  6.0013e+01   4.0862e+00   1.2300e+04 
  6.4087e+01   4.1524e+00   1.2400e+04 
  6.8627e+01   4.2214e+00   1.2500e+04 
  7.3721e+01   4.2935e+00   1.2600e+04 
  7.9480e+01   4.3692e+00   1.2700e+04 
  8.6092e+01   4.4496e+00   1.2800e+04 
  9.3730e+01   4.5351e+00   1.2900e+04 
  1.0258e+02   4.6258e+00   1.3000e+04 
  1.1288e+02   4.7219e+00   1.3100e+04 
  1.2488e+02   4.8233e+00   1.3200e+04 
  1.3890e+02   4.9301e+00   1.3300e+04 
  1.5527e+02   5.0419e+00   1.3400e+04 
  1.7436e+02   5.1583e+00   1.3500e+04 
  1.9660e+02   5.2786e+00   1.3600e+04 
  2.2243e+02   5.4023e+00   1.3700e+04 
  2.5244e+02   5.5292e+00   1.3800e+04 
  2.8761e+02   5.6599e+00   1.3900e+04 
  3.2978e+02   5.7969e+00   1.4000e+04 
  3.8092e+02   5.9413e+00   1.4100e+04 
  4.4327e+02   6.0931e+00   1.4200e+04 
  5.1975e+02   6.2524e+00   1.4300e+04 
  6.1412e+02   6.4194e+00   1.4400e+04 
  7.3123e+02   6.5940e+00   1.4500e+04 
  8.7721e+02   6.7762e+00   1.4600e+04 
  1.0595e+03   6.9651e+00   1.4700e+04 
  1.2863e+03   7.1592e+00   1.4800e+04 
  1.5659e+03   7.3559e+00   1.4900e+04 
  1.9051e+03   7.5520e+00   1.5000e+04 
  2.3173e+03   7.7479e+00   1.5100e+04 
  2.8512e+03   7.9553e+00   1.5200e+04 
  3.5468e+03   8.1737e+00   1.5300e+04 
  4.3530e+03   8.3785e+00   1.5400e+04 
  5.3191e+03   8.5790e+00   1.5500e+04 
  6.5461e+03   8.7866e+00   1.5600e+04 
  7.8008e+03   8.9619e+00   1.5700e+04 
  8.9758e+03   9.1022e+00   1.5800e+04 
  1.0294e+04   9.2393e+00   1.5900e+04 
  1.1765e+04   9.3728e+00   1.6000e+04 
  1.3411e+04   9.5038e+00   1.6100e+04 
  1.5291e+04   9.6350e+00   1.6200e+04 
  1.7496e+04   9.7697e+00   1.6300e+04 
  2.0099e+04   9.9084e+00   1.6400e+04 
  2.3186e+04   1.0051e+01   1.6500e+04 
  2.6868e+04   1.0199e+01   1.6600e+04 
  3.1283e+04   1.0351e+01   1.6700e+04 
  3.6611e+04   1.0508e+01   1.6800e+04 
  4.3087e+04   1.0671e+01   1.6900e+04 
  5.1019e+04   1.0840e+01   1.7000e+04 
  6.0821e+04   1.1016e+01   1.7100e+04 
  7.3058e+04   1.1199e+01   1.7200e+04 
  8.8510e+04   1.1391e+01   1.7300e+04 
  1.0828e+05   1.1592e+01   1.7400e+04 
  1.3395e+05   1.1805e+01   1.7500e+04 
  1.6782e+05   1.2031e+01   1.7600e+04 
  2.1329e+05   1.2270e+01   1.7700e+04 
  2.7547e+05   1.2526e+01   1.7800e+04 
  3.6196e+05   1.2799e+01   1.7900e+04 
  4.8411e+05   1.3090e+01   1.8000e+04 
  6.5840e+05   1.3398e+01   1.8100e+04 
  9.0786e+05   1.3719e+01   1.8200e+04 
  1.2637e+06   1.4050e+01   1.8300e+04 
  1.7705e+06   1.4387e+01   1.8400e+04 
  2.4787e+06   1.4723e+01   1.8500e+04 
  3.4163e+06   1.5044e+01   1.8600e+04 
  4.5874e+06   1.5339e+01   1.8700e+04 
  6.0546e+06   1.5616e+01   1.8800e+04 
  8.0227e+06   1.5898e+01   1.8900e+04 
  1.0706e+07   1.6186e+01   1.9000e+04 
  1.4390e+07   1.6482e+01   1.9100e+04 
  1.9479e+07   1.6785e+01   1.9200e+04 
  2.6556e+07   1.7095e+01   1.9300e+04 
  3.6462e+07   1.7412e+01   1.9400e+04 
  5.0417e+07   1.7736e+01   1.9500e+04 
  7.0200e+07   1.8067e+01   1.9600e+04 
  9.8421e+07   1.8405e+01   1.9700e+04 
  1.3892e+08   1.8749e+01   1.9800e+04 
  1.9738e+08   1.9101e+01   1.9900e+04 
  2.8226e+08   1.9458e+01   2.0000e+04 
  4.0615e+08   1.9822e+01   2.0100e+04 
  5.8793e+08   2.0192e+01   2.0200e+04 
  8.5598e+08   2.0568e+01   2.0300e+04 
  1.2531e+09   2.0949e+01   2.0400e+04 
  1.8442e+09   2.1335e+01   2.0500e+04 
  2.7277e+09   2.1727e+01   2.0600e+04 
  4.0538e+09   2.2123e+01   2.0700e+04 
  6.0525e+09   2.2524e+01   2.0800e+04 
  9.0773e+09   2.2929e+01   2.0900e+04 
