    -0.94033125      1.084   5000.00000000
    -0.61588623      1.186   5100.00000000
    -0.35674423      1.315   5200.00000000
    -0.16067800      1.447   5300.00000000
    -0.02836169      1.556   5400.00000000
     0.05169823      1.631   5500.00000000
     0.10815046      1.688   5600.00000000
     0.16307380      1.747   5700.00000000
     0.21822427      1.810   5800.00000000
     0.27358898      1.877   5900.00000000
     0.32916643      1.949   6000.00000000
     0.38496319      2.026   6100.00000000
     0.44098850      2.107   6200.00000000
     0.49726725      2.195   6300.00000000
     0.55380707      2.287   6400.00000000
     0.61059862      2.387   6500.00000000
     0.66762624      2.492   6600.00000000
     0.72487149      2.605   6700.00000000
     0.78231213      2.725   6800.00000000
     0.83992845      2.852   6900.00000000
     0.89770006      2.988   7000.00000000
     0.95557514      3.132   7100.00000000
     1.01348201      3.285   7200.00000000
     1.07133824      3.448   7300.00000000
     1.12906111      3.620   7400.00000000
     1.18658635      3.801   7500.00000000
     1.24388146      3.993   7600.00000000
     1.30092377      4.195   7700.00000000
     1.35770923      4.409   7800.00000000
     1.41425166      4.634   7900.00000000
     1.47057883      4.871   8000.00000000
     1.52674182      5.121   8100.00000000
     1.58279507      5.386   8200.00000000
     1.63878513      5.665   8300.00000000
     1.69475662      5.961   8400.00000000
     1.75075346      6.273   8500.00000000
     1.80683075      6.605   8600.00000000
     1.86304662      6.956   8700.00000000
     1.91944449      7.329   8800.00000000
     1.97605753      7.726   8900.00000000
     2.03290766      8.147   9000.00000000
     2.09001735      8.595   9100.00000000
     2.14739150      9.072   9200.00000000
     2.20501448      9.580   9300.00000000
     2.26286002     10.119   9400.00000000
     2.32090623     10.693   9500.00000000
     2.37914246     11.303   9600.00000000
     2.43755652     11.952   9700.00000000
     2.49614697     12.643   9800.00000000
     2.55493460     13.377   9900.00000000
     2.61396368     14.159  10000.00000000
     2.67327979     14.993  10100.00000000
     2.73293318     15.883  10200.00000000
     2.79298642     16.835  10300.00000000
     2.85349597     17.853  10400.00000000
     2.91449907     18.944  10500.00000000
     2.97602149     20.114  10600.00000000
     3.03808126     21.369  10700.00000000
     3.10066795     22.717  10800.00000000
     3.16375511     24.163  10900.00000000
     3.22731321     25.715  11000.00000000
     3.29129324     27.381  11100.00000000
     3.35564162     29.167  11200.00000000
     3.42031215     31.082  11300.00000000
     3.48525204     33.133  11400.00000000
     3.55042277     35.330  11500.00000000
     3.61579602     37.683  11600.00000000
     3.68135341     40.202  11700.00000000
     3.74710049     42.900  11800.00000000
     3.81305394     45.790  11900.00000000
     3.87925940     48.890  12000.00000000
     3.94578245     52.218  12100.00000000
     4.01272277     55.799  12200.00000000
     4.08022091     59.660  12300.00000000
     4.14847391     63.839  12400.00000000
     4.21775960     68.382  12500.00000000
     4.28845150     73.355  12600.00000000
     4.36100086     78.837  12700.00000000
     4.43588563     84.928  12800.00000000
     4.51357191     91.748  12900.00000000
     4.59450236     99.440  13000.00000000
     4.67910071    108.174  13100.00000000
     4.76778194    118.159  13200.00000000
     4.86096291    129.649  13300.00000000
     4.95906718    142.961  13400.00000000
     5.06253402    158.491  13500.00000000
     5.17183265    176.738  13600.00000000
     5.28747645    198.344  13700.00000000
     5.41004195    224.141  13800.00000000
     5.54012881    255.211  13900.00000000
     5.67836792    292.972  14000.00000000
     5.82541733    339.303  14100.00000000
     5.98193233    396.705  14200.00000000
     6.14851738    468.523  14300.00000000
     6.32564656    559.219  14400.00000000
     6.51352838    674.701  14500.00000000
     6.71194182    822.666  14600.00000000
     6.92025641   1013.080  14700.00000000
     7.13689964   1258.024  14800.00000000
     7.35984625   1572.095  14900.00000000
     7.58669955   1972.295  15000.00000000
     7.81529654   2478.722  15100.00000000
     8.04398530   3115.503  15200.00000000
     8.27167675   3912.002  15300.00000000
     8.49763628   4903.665  15400.00000000
     8.72145339   6133.586  15500.00000000
     8.94303022   7654.856  15600.00000000
     9.16257507   9534.075  15700.00000000
     9.38070283  11857.845  15800.00000000
     9.59859802  14744.596  15900.00000000
     9.81832392  18367.740  16000.00000000
    10.04338050  23003.513  16100.00000000
    10.27967244  29134.829  16200.00000000
    10.53740862  37700.245  16300.00000000
    10.82755347  50390.774  16400.00000000
    11.16297590  70472.863  16500.00000000
    11.56575481 105425.472  16600.00000000
    12.07756084 175881.135  16700.00000000
    12.79226598 359427.359  16800.00000000
    14.02076631 1227839.542  16900.00000000
    35.35050621 2251799813685248.000  17000.00000000
    35.35050621 2251799813685248.000  17100.00000000
    35.35050621 2251799813685248.000  17200.00000000
    35.35050621 2251799813685248.000  17300.00000000
    35.35050621 2251799813685248.000  17400.00000000
    35.35050621 2251799813685248.000  17500.00000000
    35.35050621 2251799813685248.000  17600.00000000
    35.35050621 2251799813685248.000  17700.00000000
    35.35050621 2251799813685248.000  17800.00000000
    35.35050621 2251799813685248.000  17900.00000000
    35.35050621 2251799813685248.000  18000.00000000
    35.35050621 2251799813685248.000  18100.00000000
    35.35050621 2251799813685248.000  18200.00000000
    35.35050621 2251799813685248.000  18300.00000000
    35.35050621 2251799813685248.000  18400.00000000
    35.35050621 2251799813685248.000  18500.00000000
    35.35050621 2251799813685248.000  18600.00000000
    35.35050621 2251799813685248.000  18700.00000000
    35.35050621 2251799813685248.000  18800.00000000
    35.35050621 2251799813685248.000  18900.00000000
    35.35050621 2251799813685248.000  19000.00000000
    35.35050621 2251799813685248.000  19100.00000000
    35.35050621 2251799813685248.000  19200.00000000
    35.35050621 2251799813685248.000  19300.00000000
    35.35050621 2251799813685248.000  19400.00000000
    35.35050621 2251799813685248.000  19500.00000000
    35.35050621 2251799813685248.000  19600.00000000
    35.35050621 2251799813685248.000  19700.00000000
    35.35050621 2251799813685248.000  19800.00000000
    35.35050621 2251799813685248.000  19900.00000000
