        2135.13     17.81065201     34.96863720        -1630.80         3201.85 
        2319.42     17.34227228     27.71393608        -1350.66         2158.43 
        2620.23     10.20679144     14.62431367         -671.19          961.68 
        2931.04      7.23274353      9.90070194         -689.54          943.90 
        3269.78     11.70598919     19.16061010         -952.02         1558.29 
        3594.36     12.69728207     15.49140167        -1126.97         1374.97 
        3951.13     25.75096340     23.08791386        -2105.43         1887.70 
        4319.72     71.54266558     68.94751076        -3587.14         3457.02 
        4678.98     39.02231238     45.27291405        -2605.06         3022.34 
        5056.68    636.68753857   1403.22776639        -9812.88        21627.10 
        5397.05      6.59029959      6.57042693        -1308.55         1304.60 
        5781.27    283.28889749   1127.80836018        -6695.60        26656.00 
        6146.96     20.61959382     23.71848925        -2427.22         2792.00 
        6485.84      6.24164858      8.93257255        -1269.83         1817.29 
        6822.02     37.18731524    100.78840791        -2886.83         7824.13 
        7151.62     14.32055783     21.08964145        -2025.35         2982.70 
        7490.29   1538.65287954   1200.05380535       -26282.09        20498.40 
        7869.63   1608.42670236    329.59274524       -42770.57         8764.38 
        8197.72    686.92783833   1413.32361817       -15386.61        31657.26 
        8574.04   2261.95027292   1781.23450647       -36628.45        28844.07 
        8904.03    896.10253880   2684.45578925       -18585.24        55675.84 
        9233.08    461.73159291   1745.10268780       -12493.35        47218.28 
        9588.94     20.05684534     24.28538441        -3545.38         4292.85 
        9948.55    380.71440670   1782.63410693       -12788.26        59878.96 
       10289.83     40.47114371     35.73212071        -5707.34         5039.03 
       10599.14     21.67235285     25.76040319        -4049.74         4813.65 
       11327.49 -23642.84816391    106.51222095     -1648475.25        -7426.46 
       12061.33     24.38874370     26.56400250        -5446.13         5931.87 
       12676.25      6.58315639      6.12070411        -3126.81         2907.16 
       13193.58      4.95728696      6.47052308        -2215.64         2891.97 
       13696.12     28.67622940     13.60431411        -6260.99         2970.28 
       13889.41      8.09591872      7.39891231        -2729.04         2494.09 
       14141.46      6.99896294      6.00777364        -2609.47         2239.92 
       14344.20      4.80281363      4.99671189        -2216.48         2305.97 
       14461.09     10.61861718     12.16246136        -3291.92         3770.53 
       14625.08      7.58134939      9.62989715        -2939.04         3733.19 
       14946.90     89.41389292   1507.04009525        -8292.22       139762.44 
       15235.86     10.33525805     23.07317486        -3890.14         8684.63 
       15459.18      3.22349422      4.95380504        -2607.48         4007.13 
       15649.37      3.37360540      4.29322551        -2919.47         3715.29 
       15796.28      2.59887823      2.81026753        -2756.66         2980.88 
