     0.36888310            2.00       6000.0000
     0.42480562            2.08       6100.0000
     0.48105435            2.17       6200.0000
     0.53783171            2.26       6300.0000
     0.59539208            2.36       6400.0000
     0.65390146            2.47       6500.0000
     0.71335081            2.58       6600.0000
     0.77355977            2.71       6700.0000
     0.83424182            2.84       6800.0000
     0.89506777            2.98       6900.0000
     0.95572055            3.13       7000.0000
     1.01595578            3.29       7100.0000
     1.07565246            3.46       7200.0000
     1.13483520            3.64       7300.0000
     1.19366040            3.82       7400.0000
     1.25237066            4.02       7500.0000
     1.31123117            4.23       7600.0000
     1.37046574            4.46       7700.0000
     1.43020861            4.70       7800.0000
     1.49048249            4.96       7900.0000
     1.55120663            5.23       8000.0000
     1.61223135            5.53       8100.0000
     1.67338987            5.85       8200.0000
     1.73455393            6.18       8300.0000
     1.79567892            6.54       8400.0000
     1.85682594            6.92       8500.0000
     1.91815358            7.32       8600.0000
     1.97988207            7.75       8700.0000
     2.04224154            8.22       8800.0000
     2.10542120            8.72       8900.0000
     2.16953356            9.26       9000.0000
     2.23460168            9.85       9100.0000
     2.30056930           10.49       9200.0000
     2.36732792           11.18       9300.0000
     2.43475155           11.92       9400.0000
     2.50272952           12.72       9500.0000
     2.57118955           13.59       9600.0000
     2.64010566           14.52       9700.0000
     2.70948980           15.53       9800.0000
     2.77936877           16.61       9900.0000
     2.84975158           17.79      10000.0000
     2.92059359           19.06      10100.0000
     2.99176452           20.42      10200.0000
     3.06302629           21.90      10300.0000
     3.13402541           23.47      10400.0000
     3.20430253           25.14      10500.0000
     3.27331939           26.90      10600.0000
     3.34050145           28.74      10700.0000
     3.40529183           30.63      10800.0000
     3.46720987           32.55      10900.0000
     3.52590628           34.49      11000.0000
     3.58120640           36.42      11100.0000
     3.63313848           38.33      11200.0000
     3.68194382           40.23      11300.0000
     3.72806170           42.10      11400.0000
     3.77209145           43.97      11500.0000
     3.81473997           45.87      11600.0000
     3.85676421           47.81      11700.0000
     3.89891709           49.85      11800.0000
     3.94190332           52.02      11900.0000
     3.98634824           54.36      12000.0000
     4.03278063           56.92      12100.0000
     4.08162798           59.74      12200.0000
     4.13322248           62.88      12300.0000
     4.18781593           66.38      12400.0000
     4.24560004           70.30      12500.0000
     4.30672881           74.70      12600.0000
     4.37134150           79.65      12700.0000
     4.43958439           85.24      12800.0000
     4.51163039           91.57      12900.0000
     4.58769545           98.77      13000.0000
     4.66805052          106.99      13100.0000
     4.75302900          116.44      13200.0000
     4.84302641          127.35      13300.0000
     4.93849575          140.06      13400.0000
     5.03993877          154.96      13500.0000
     5.14789265          172.57      13600.0000
     5.26291257          193.54      13700.0000
     5.38555073          218.73      13800.0000
     5.51633214          249.22      13900.0000
     5.65572729          286.42      14000.0000
     5.80412168          332.16      14100.0000
     5.96178239          388.80      14200.0000
     6.12882184          459.40      14300.0000
     6.30515990          547.89      14400.0000
     6.49048620          659.34      14500.0000
     6.68422619          800.19      14600.0000
     6.88551608          978.51      14700.0000
     7.09319301         1204.25      14800.0000
     7.30580677         1489.42      14900.0000
     7.52165735         1848.13      15000.0000
     7.73885783         2296.35      15100.0000
     7.95541699         2851.48      15200.0000
     8.16933424         3531.49      15300.0000
     8.37870551         4353.87      15400.0000
     8.58185062         5334.47      15500.0000
     8.77747399         6486.97      15600.0000
     8.96482771         7823.53      15700.0000
     9.14377834         9356.55      15800.0000
     9.31474875        11101.04      15900.0000
     9.47859491        13077.30      16000.0000
     9.63646213        15313.57      16100.0000
     9.78964881        17848.54      16200.0000
     9.93950511        20733.98      16300.0000
    10.08741707        24039.12      16400.0000
    10.23482207        27857.01      16500.0000
    10.38305637        32308.05      16600.0000
    10.53314632        37539.90      16700.0000
    10.68593110        43736.69      16800.0000
    10.84231889        51140.33      16900.0000
    11.00331849        60073.66      17000.0000
    11.17002851        70971.63      17100.0000
    11.34363751        84427.08      17200.0000
    11.52543691       101259.50      17300.0000
    11.71684749       122620.75      17400.0000
    11.91946061       150161.09      17500.0000
    12.13509531       186297.10      17600.0000
    12.36587348       234655.93      17700.0000
    12.61431609       300835.16      17800.0000
    12.88346285       393747.10      17900.0000
    13.17701370       528086.12      18000.0000
    13.49947521       729034.18      18100.0000
    13.85624832      1041579.42      18200.0000
    14.25346033      1549527.58      18300.0000
    14.69697574      2414435.19      18400.0000
    15.18911165      3949548.32      18500.0000
    15.72015753      6717036.43      18600.0000

