    4500.0      2.48437644      3.44719130     4380.0     5133.6
    5000.0      2.47322462      3.36668044     4863.9     5655.7
    5500.0      2.46207281      3.28616959     5345.5     6178.6
    6000.0      2.45092100      3.20565874     5824.7     6702.3
    6500.0      2.43976919      3.12514789     6301.0     7226.8
    7000.0      2.42861738      3.04463704     6774.2     7752.1
    7500.0      2.41746556      2.96412618     7243.7     8278.4
    8000.0      2.40631375      2.88361533     7709.2     8805.6
    8500.0      2.39516194      2.80310448     8169.9     9333.7
    9000.0      2.38401013      2.72259363     8625.4     9862.8
    9500.0      2.37285832      2.64208278     9074.9    10392.9
   10000.0      2.36170651      2.56157192     9517.6    10924.1
   10500.0      2.35055469      2.48106107     9952.5    11456.3
   11000.0      2.33940288      2.40055022    10378.6    11989.7
   11500.0      2.32825107      2.32003937    10794.8    12524.3
   12000.0      2.31709926      2.23952852    11199.7    13060.0
   12500.0      2.30594745      2.15901766    11591.8    13597.0
   13000.0      2.29479564      2.07850681    11969.3    14135.3
   13500.0      2.28364382      1.99799596    12330.3    14674.9
   14000.0      2.27249201      1.91748511    12672.5    15216.0
   14500.0      2.26134020      1.83697426    12993.4    15758.4
   15000.0      2.25018839      1.75646340    13290.3    16302.3
   15500.0      2.23903658      1.67595255    13559.6    16847.8
   16000.0      2.22788477      1.59544170    13797.9    17394.8
