        6085.73     64.59973299    208.58221521        -2348.06         7581.51 
        6991.30     25.44289653     59.85493986        -2321.22         5460.72 
        8033.58   1147.95378101    871.13299070       -28024.31        21266.45 
        8689.25   1785.10063254   2096.57034744       -31520.51        37020.30 
        9322.70    350.50171003   1311.73784598        -9836.25        36811.75 
       10074.40    255.24614537   1138.44573124        -9126.66        40706.60 
       10553.04     24.47381925     27.24642597        -4326.91         4817.09 
       11158.94 -18166.61749893     87.82536100     -1269480.33        -6137.22 
       12779.87      6.25749726      6.19077231        -2939.89         2908.54 
       13774.25     20.35711263     11.09592330        -4926.06         2685.02 
       14374.71      6.32072319      6.86695383        -2485.30         2700.08 
       14629.07      8.59621660     28.20041255        -1968.34         6457.27 
       15329.78      7.34418716     15.45251690        -3243.52         6824.52 
       15740.14      2.89492319      3.37694732        -2806.54         3273.85 
