     0.89346762            2.98       6600.0000
     0.96762648            3.16       6700.0000
     1.05291199            3.40       6800.0000
     1.14625103            3.67       6900.0000
     1.24360048            3.99       7000.0000
     1.34041434            4.34       7100.0000
     1.43222652            4.71       7200.0000
     1.51526186            5.07       7300.0000
     1.58693948            5.41       7400.0000
     1.64612998            5.70       7500.0000
     1.69310362            5.95       7600.0000
     1.72922642            6.15       7700.0000
     1.75654623            6.31       7800.0000
     1.77741153            6.43       7900.0000
     1.79420153            6.53       8000.0000
     1.80917316            6.62       8100.0000
     1.82438730            6.71       8200.0000
     1.84166863            6.82       8300.0000
     1.86256765            6.95       8400.0000
     1.88831398            7.12       8500.0000
     1.91976653            7.33       8600.0000
     1.95737638            7.59       8700.0000
     2.00118002            7.91       8800.0000
     2.05083723            8.29       8900.0000
     2.10571873            8.72       9000.0000
     2.16503711            9.22       9100.0000
     2.22800090            9.79       9200.0000
     2.29396075           10.42       9300.0000
     2.36251331           11.13       9400.0000
     2.43353565           11.91       9500.0000
     2.50714102           12.78       9600.0000
     2.58356799           13.75       9700.0000
     2.66303198           14.85       9800.0000
     2.74557498           16.08       9900.0000
     2.83094507           17.47      10000.0000
     2.91852830           19.02      10100.0000
     3.00734420           20.74      10200.0000
     3.09610573           22.62      10300.0000
     3.18333482           24.63      10400.0000
     3.26751503           26.75      10500.0000
     3.34725540           28.93      10600.0000
     3.42143515           31.12      10700.0000
     3.48930301           33.27      10800.0000
     3.55051670           35.33      10900.0000
     3.60512425           37.29      11000.0000
     3.65350320           39.11      11100.0000
     3.69627973           40.80      11200.0000
     3.73424759           42.36      11300.0000
     3.76829869           43.81      11400.0000
     3.79936930           45.17      11500.0000
     3.82839979           46.49      11600.0000
     3.85630439           47.79      11700.0000
     3.88394755           49.12      11800.0000
     3.91212585           50.51      11900.0000
     3.94155518           52.00      12000.0000
     3.97286452           53.64      12100.0000
     4.00659701           55.46      12200.0000
     4.04321779           57.51      12300.0000
     4.08312666           59.83      12400.0000
     4.12667342           62.47      12500.0000
     4.17417393           65.49      12600.0000
     4.22592561           68.94      12700.0000
     4.28222169           72.90      12800.0000
     4.34336379           77.47      12900.0000
     4.40967316           82.74      13000.0000
     4.48150125           88.87      13100.0000
     4.55923626           96.01      13200.0000
     4.64330807          104.39      13300.0000
     4.73419131          114.27      13400.0000
     4.83240564          126.01      13500.0000
     4.93851255          140.06      13600.0000
     5.05310801          157.01      13700.0000
     5.17681029          177.62      13800.0000
     5.31024180          202.90      13900.0000
     5.45400400          234.19      14000.0000
     5.60864368          273.27      14100.0000
     5.77460920          322.52      14200.0000
     5.95219486          385.10      14300.0000
     6.14147269          465.24      14400.0000
     6.34221263          568.55      14500.0000
     6.55379596          702.40      14600.0000
     6.77513397          876.30      14700.0000
     7.00461306         1102.20      14800.0000
     7.24009709         1394.73      14900.0000
     7.47902098         1771.01      15000.0000
     7.71859453         2250.30      15100.0000
     7.95609452         2853.41      15200.0000
     8.18916461         3602.21      15300.0000
     8.41600417         4519.31      15400.0000
     8.63535965         5627.66      15500.0000
     8.84634869         6949.47      15600.0000
     9.04826778         8504.29      15700.0000
     9.24050563        10306.75      15800.0000
     9.42251594        12364.15      15900.0000
     9.59390779        14675.60      16000.0000
     9.75474184        17236.26      16100.0000
     9.90587860        20048.38      16200.0000
    10.04913970        23136.37      16300.0000
    10.18714863        26560.16      16400.0000
    10.32291407        30422.28      16500.0000
    10.45934716        34869.28      16600.0000
    10.59888951        40090.79      16700.0000
    10.74333945        46320.98      16800.0000
    10.89388828        53846.76      16900.0000
    11.05132355        63027.82      17000.0000
    11.21629957        74332.70      17100.0000
    11.38953577        88392.41      17200.0000
    11.57189095       106074.36      17300.0000
    11.76439530       128591.91      17400.0000
    11.96828645       157674.75      17500.0000
    12.18505526       195840.89      17600.0000
    12.41650459       246842.71      17700.0000
    12.66482512       316420.31      17800.0000
    12.93269353       413616.60      17900.0000
    13.22339817       553158.07      18000.0000
    13.54099505       759940.72      18100.0000
    13.89048486      1077856.96      18200.0000
    14.27796247      1587963.25      18300.0000
    14.71057000      2447481.77      18400.0000
    15.19573182      3975781.72      18500.0000
    15.73817506      6839157.66      18600.0000
