    -0.15448063      1.452   4921.14949000   5000.00000000
    -0.10471481      1.491   5012.72739200   5100.00000000
    -0.05486618      1.533   5104.30529400   5200.00000000
    -0.00482843      1.578   5195.88319600   5300.00000000
     0.04545867      1.625   5287.46109800   5400.00000000
     0.09599704      1.675   5379.03900000   5500.00000000
     0.14674625      1.729   5470.61690200   5600.00000000
     0.19765620      1.786   5562.19480400   5700.00000000
     0.24869737      1.847   5653.77270600   5800.00000000
     0.29987336      1.911   5745.35060800   5900.00000000
     0.35121320      1.979   5836.92851000   6000.00000000
     0.40275219      2.051   5928.50641200   6100.00000000
     0.45451393      2.128   6020.08431400   6200.00000000
     0.50650213      2.209   6111.66221600   6300.00000000
     0.55870366      2.296   6203.24011800   6400.00000000
     0.61109830      2.387   6294.81802000   6500.00000000
     0.66366895      2.485   6386.39592200   6600.00000000
     0.71640722      2.588   6477.97382400   6700.00000000
     0.76931223      2.697   6569.55172600   6800.00000000
     0.82238337      2.812   6661.12962800   6900.00000000
     0.87561002      2.935   6752.70752999   7000.00000000
     0.92896237      3.065   6844.28543199   7100.00000000
     0.98238708      3.202   6935.86333399   7200.00000000
     1.03580990      3.347   7027.44123599   7300.00000000
     1.08914500      3.500   7119.01913798   7400.00000000
     1.14230837      3.661   7210.59703997   7500.00000000
     1.19523142      3.830   7302.17494196   7600.00000000
     1.24787069      4.007   7393.75284395   7700.00000000
     1.30021151      4.193   7485.33074593   7800.00000000
     1.35226525      4.388   7576.90864790   7900.00000000
     1.40406233      4.592   7668.48654986   8000.00000000
     1.45564356      4.807   7760.06445181   8100.00000000
     1.50705267      5.032   7851.64235373   8200.00000000
     1.55833142      5.268   7943.22025563   8300.00000000
     1.60951775      5.517   8034.79815748   8400.00000000
     1.66064634      5.779   8126.37605929   8500.00000000
     1.71175068      6.054   8217.95396101   8600.00000000
     1.76286571      6.343   8309.53186263   8700.00000000
     1.81402986      6.649   8401.10976410   8800.00000000
     1.86528585      6.971   8492.68766537   8900.00000000
     1.91667922      7.311   8584.26556636   9000.00000000
     1.96825461      7.670   8675.84346696   9100.00000000
     2.02005010      8.050   8767.42136702   9200.00000000
     2.07209095      8.452   8858.99926633   9300.00000000
     2.12438447      8.878   8950.57716461   9400.00000000
     2.17691770      9.329   9042.15506146   9500.00000000
     2.22965905      9.806   9133.73295633   9600.00000000
     2.28256392     10.310   9225.31084845   9700.00000000
     2.33558331     10.844   9316.88873677   9800.00000000
     2.38867362     11.407   9408.46661982   9900.00000000
     2.44180571     12.001   9500.04449558  10000.00000000
     2.49497137     12.628   9591.62236124  10100.00000000
     2.54818621     13.290   9683.20021291  10200.00000000
     2.60148892     13.990   9774.77804521  10300.00000000
     2.65493716     14.730   9866.35585069  10400.00000000
     2.70860132     15.514   9957.93361902  10500.00000000
     2.76255707     16.346  10049.51133591  10600.00000000
     2.81687780     17.230  10141.08898155  10700.00000000
     2.87162768     18.170  10232.66652853  10800.00000000
     2.92685579     19.173  10324.24393887  10900.00000000
     2.98259188     20.243  10415.82115999  11000.00000000
     3.03884390     21.385  10507.39811906  11100.00000000
     3.09559743     22.604  10598.97471523  11200.00000000
     3.15281725     23.905  10690.55080885  11300.00000000
     3.21045074     25.294  10782.12620649  11400.00000000
     3.26843283     26.773  10873.70064034  11500.00000000
     3.32669198     28.349  10965.27373951  11600.00000000
     3.38515637     30.025  11056.84499042  11700.00000000
     3.44375958     31.807  11148.41368193  11800.00000000
     3.50244508     33.699  11239.97882935  11900.00000000
     3.56116921     35.707  11331.53906939  12000.00000000
     3.61990229     37.836  11423.09251471  12100.00000000
     3.67862838     40.094  11514.63655282  12200.00000000
     3.73734393     42.488  11606.16756817  12300.00000000
     3.79605594     45.027  11697.68055830  12400.00000000
     3.85478028     47.720  11789.16860422  12500.00000000
     3.91354039     50.578  11880.62214088  12600.00000000
     3.97236674     53.612  11972.02795416  12700.00000000
     4.03129674     56.835  12063.36780583  12800.00000000
     4.09037519     60.264  12154.61655592  12900.00000000
     4.14965454     63.913  12245.73961297  13000.00000000
     4.20919490     67.804  12336.68949839  13100.00000000
     4.26906344     71.956  12427.40126775  13200.00000000
     4.32933300     76.395  12517.78650369  13300.00000000
     4.39007995     81.148  12607.72561195  13400.00000000
     4.45138157     86.246  12697.05826760  13500.00000000
     4.51331303     91.724  12785.57216377  13600.00000000
     4.57594445     97.621  12872.99083782  13700.00000000
     4.63933822    103.977  12958.96243460  13800.00000000
     4.70354687    110.839  13043.05287481  13900.00000000
     4.76861162    118.256  13124.74879563  14000.00000000
     4.83456176    126.284  13203.47696768  14100.00000000
     4.90141470    134.981  13278.64599624  14200.00000000
     4.96917677    144.409  13349.71101667  14300.00000000
     5.03784444    154.638  13416.25236878  14400.00000000
     5.10740595    165.742  13478.04842164  14500.00000000
     5.17784303    177.800  13535.11826570  14600.00000000
     5.24913260    190.901  13587.71792116  14700.00000000
     5.32124829    205.140  13636.29157200  14800.00000000
     5.39416158    220.618  13681.39623649  14900.00000000
     5.46784264    237.449  13723.62419740  15000.00000000
     5.54226066    255.755  13763.54155551  15100.00000000
     5.61738392    275.669  13801.65020309  15200.00000000
     5.69317943    297.336  13838.37139306  15300.00000000
     5.76961248    320.914  13874.04472746  15400.00000000
     5.84664606    346.572  13908.93597247  15500.00000000
     5.92424034    374.494  13943.24862029  15600.00000000
     6.00235242    404.879  13977.13600850  15700.00000000
     6.08093626    437.939  14010.71233942  15800.00000000
     6.15994305    473.901  14044.06194755  15900.00000000
     6.23932185    513.011  14077.24672690  16000.00000000
     6.31902066    555.529  14110.31189878  16100.00000000
     6.39898761    601.736  14143.29039567  16200.00000000
     6.47917238    651.932  14176.20614427  16300.00000000
     6.55952752    706.438  14209.07649869  16400.00000000
     6.64000963    765.602  14241.91403040  16500.00000000
     6.72058025    829.799  14274.72783815  16600.00000000
     6.80120632    899.431  14307.52450307  16700.00000000
     6.88186013    974.937  14340.30878308  16800.00000000
     6.96251883   1056.791  14373.08411681  16900.00000000
     7.04316345   1145.504  14405.85298882  17000.00000000
     7.12377755   1241.630  14438.61719400  17100.00000000
     7.20434557   1345.764  14471.37802885  17200.00000000
     7.28485109   1458.544  14504.13642978  17300.00000000
     7.36527520   1580.650  14536.89307308  17400.00000000
     7.44559487   1712.804  14569.64844715  17500.00000000
     7.52578187   1855.763  14602.40290469  17600.00000000
     7.60580190   2010.323  14635.15670039  17700.00000000
     7.68561440   2177.307  14667.91001818  17800.00000000
     7.76517279   2357.566  14700.66299086  17900.00000000
     7.84442528   2551.971  14733.41571435  18000.00000000
     7.92331623   2761.412  14766.16825790  18100.00000000
     8.00178790   2986.792  14798.92067151  18200.00000000
     8.07978262   3229.031  14831.67299129  18300.00000000
     8.15724508   3489.063  14864.42524333  18400.00000000
     8.23412490   3767.842  14897.17744644  18500.00000000
     8.31037901   4066.354  14935.52142766  18600.00000000
     8.38597397   4385.627  14989.15412794  18700.00000000
     8.46088795   4726.753  15042.78680979  18800.00000000
     8.53511237   5090.903  15096.41947834  18900.00000000
     8.60865301   5479.364  15150.05213728  19000.00000000
     8.68153066   5893.560  15203.68478927  19100.00000000
     8.75378116   6335.095  15257.31743623  19200.00000000
     8.82545505   6805.787  15310.95007950  19300.00000000
     8.89661657   7307.708  15364.58272002  19400.00000000
     8.96734244   7843.231  15418.21535839  19500.00000000
     9.03772017   8415.071  15471.84799481  19600.00000000
     9.10784630   9026.335  15525.48062906  19700.00000000
     9.17782439   9680.570  15579.11326010  19800.00000000
     9.24776308  10381.818  15632.74588547  19900.00000000
     9.31777415  11134.671  15686.37849973  20000.00000000
     9.38797071  11944.337  15740.01109143  20100.00000000
     9.45846560  12816.704  15793.64363663  20200.00000000
     9.52936997  13758.420  15847.27608550  20300.00000000
     9.60079202  14776.980  15900.90833450  20400.00000000
     9.67283613  15880.824  15954.54016847  20500.00000000
     9.74560202  17079.450  16008.17114057  20600.00000000
     9.81918427  18383.549  16061.80032273  20700.00000000
     9.89367193  19805.148  16115.42578778  20800.00000000
     9.96914837  21357.789  16169.04353508  20900.00000000
    10.04569119  23056.728  16222.64526451  21000.00000000
    10.12337231  24919.163  16276.21377685  21100.00000000
    10.20225811  26964.505  16329.71352279  21200.00000000
    10.28240967  29214.685  16383.07140989  21300.00000000
    10.36388305  31694.512  16436.13877451  21400.00000000
    10.44672956  34432.084  16488.61989936  21500.00000000
    10.53099616  37459.271  16539.95248682  21600.00000000
    10.61672575  40812.268  16589.15887176  21700.00000000
    10.70395753  44532.242  16634.80854307  21800.00000000
    10.79272735  48666.083  16675.39703938  21900.00000000
    10.88306802  53267.273  16710.20482720  22000.00000000
    10.97500964  58396.907  16739.84954512  22100.00000000
    11.06857987  64124.877  16765.80677633  22200.00000000
    11.16380424  70531.262  16789.53542693  22300.00000000
    11.26070637  77707.946  16812.05249592  22400.00000000
    11.35930822  85760.521  16833.94901742  22500.00000000
    11.45963032  94810.514  16855.53747657  22600.00000000
    11.56169192 104998.010  16876.97538220  22700.00000000
    11.66551121 116484.734  16898.34027586  22800.00000000
    11.77110545 129457.681  16919.66989443  22900.00000000
    11.87849111 144133.406  16940.98250104  23000.00000000
    11.98768399 160763.095  16962.28691057  23100.00000000
    12.09869932 179638.559  16983.58737206  23200.00000000
    12.21155187 201099.352  17004.88593240  23300.00000000
    12.32625599 225541.218  17026.18357735  23400.00000000
    12.44282573 253426.140  17047.48078157  23500.00000000
    12.56127483 285294.308  17068.77777358  23600.00000000
    12.68161683 321778.397  17090.07466344  23700.00000000
    12.80386504 363620.642  17111.37150411  23800.00000000
    12.92803262 411693.259  17132.66832109  23900.00000000
    13.05413258 467022.937  17153.96512668  24000.00000000
    13.18217780 530820.256  17175.26192678  24100.00000000
    13.31218103 604515.059  17196.55872423  24200.00000000
    13.44415492 689799.077  17217.85552041  24300.00000000
    13.57811198 788677.374  17239.15231598  24400.00000000
    13.71406463 903530.533  17260.44911124  24500.00000000
    13.85202517 1037189.957  17281.74590634  24600.00000000
    13.99200577 1193029.210  17303.04270130  24700.00000000
    14.13401847 1375075.001  17324.33949597  24800.00000000
    14.27807519 1588142.264  17345.63628970  24900.00000000
