    -0.15448063      1.452   4921.14949000   5000.00000000
     0.09599704      1.675   5379.03900000   5500.00000000
     0.35121320      1.979   5836.92851000   6000.00000000
     0.61109830      2.387   6294.81802000   6500.00000000
     0.87561002      2.935   6752.70752999   7000.00000000
     1.14230837      3.661   7210.59703997   7500.00000000
     1.40406233      4.592   7668.48654986   8000.00000000
     1.66064634      5.779   8126.37605929   8500.00000000
     1.91667922      7.311   8584.26556636   9000.00000000
     2.17691770      9.329   9042.15506146   9500.00000000
     2.44180571     12.001   9500.04449558  10000.00000000
     2.70860132     15.514   9957.93361902  10500.00000000
     2.98259188     20.243  10415.82115999  11000.00000000
     3.26843283     26.773  10873.70064034  11500.00000000
     3.56116921     35.707  11331.53906939  12000.00000000
     3.85478028     47.720  11789.16860422  12500.00000000
     4.14965454     63.913  12245.73961297  13000.00000000
     4.45138157     86.246  12697.05826760  13500.00000000
     4.76861162    118.256  13124.74879563  14000.00000000
     5.10740595    165.742  13478.04842164  14500.00000000
     5.46784264    237.449  13723.62419740  15000.00000000
     5.84664606    346.572  13908.93597247  15500.00000000
     6.23932185    513.011  14077.24672690  16000.00000000
     6.64000963    765.602  14241.91403040  16500.00000000
     7.04316345   1145.504  14405.85298882  17000.00000000
     7.44559487   1712.804  14569.64844715  17500.00000000
     7.84442528   2551.971  14733.41571435  18000.00000000
     8.23412490   3767.842  14897.17744644  18500.00000000
     8.60865301   5479.364  15150.05213728  19000.00000000
     8.96734244   7843.231  15418.21535839  19500.00000000
     9.31777415  11134.671  15686.37849973  20000.00000000
     9.67283613  15880.824  15954.54016847  20500.00000000
    10.04569119  23056.728  16222.64526451  21000.00000000
    10.44672956  34432.084  16488.61989936  21500.00000000
    10.88306802  53267.273  16710.20482720  22000.00000000
    11.35930822  85760.521  16833.94901742  22500.00000000
    11.87849111 144133.406  16940.98250104  23000.00000000
    12.44282573 253426.140  17047.48078157  23500.00000000
    13.05413258 467022.937  17153.96512668  24000.00000000
    13.71406463 903530.533  17260.44911124  24500.00000000
