Row   1               5.876130E+03  8.333300E-02
Row   2               7.474070E+03  4.038300E-02
Row   3               8.918830E+03  1.957000E-02
Row   4               1.024380E+04  9.483500E-03
Row   5               1.133610E+04  4.595700E-03
Row   6               1.227890E+04  2.227100E-03
Row   7               1.309060E+04  1.079200E-03
Row   8               1.362470E+04  5.230000E-04
Row   9               1.396420E+04  2.534400E-04
Row  10               1.422950E+04  1.228200E-04
Row  11               1.449000E+04  5.951800E-05
Row  12               1.480000E+04  2.884200E-05
Row  13               1.513650E+04  1.397700E-05
Row  14               1.547130E+04  6.773300E-06
Row  15               1.577370E+04  3.282300E-06
Row  16               1.606420E+04  1.590600E-06
Row  17               1.628660E+04  7.708100E-07
Row  18               1.649320E+04  3.735300E-07
Row  19               1.664710E+04  1.810100E-07
Row  20               1.678700E+04  8.771900E-08

